33,231
33,230
33,229
33,228
33,227
33,226
33,225
33,224
33,223
33,222
33,221
33,220
33,219
33,218
33,217
33,216
33,215
71,36
33,214
33,213
33,212
33,211
0,465
33,210
33,209
33,208
33,207
33,206
33,205
33,204
33,203
33,202
33,201
33,200
33,199
33,198
33,197
33,196
33,195
33,194
33,193
33,192
33,191
33,190
33,189
33,188
33,187
33,186
33,185
33,184
33,183
33,182
33,181
33,180
33,179
33,178
33,177
33,176
33,175
33,135
33,132
33,131
71,35
8,4
60,1
8,9
60,0
8,8
59,4
8,10
59,3
8,16
59,2
8,1
59,1
8,13
59,0
8,2
58,3
8,3
58,2
58,1
0,318
58,0
57,4
57,3
57,2
57,1
57,0
56,9
56,8
56,7
56,6
12,2
56,5
56,4
12,1
56,3
12,3
56,2
56,1
56,0
55,5
55,4
55,3
55,2
55,1
55,0
54,4
54,3
54,2
54,1
54,0
53,4
53,3
53,2
53,1
53,0
52,5
52,4
52,3
52,2
52,1
52,0
51,4
51,3
51,2
51,1
51,0
50,3
50,2
50,1
50,0
49,5
49,4
49,3
49,2
49,1
49,0
48,3
48,2
48,1
48,0
47,5
47,4
47,3
20,2
47,2
20,1
47,1
20,3
47,0
46,7
46,6
46,5
46,4
46,3
46,2
46,1
46,0
45,5
45,4
45,3
19,2
45,2
19,1
45,1
19,3
45,0
44,4
44,3
44,2
44,1
44,0
43,7
43,6
43,5
43,4
43,3
43,2
43,1
43,0
42,4
42,3
42,2
42,1
42,0
41,5
41,4
41,3
41,2
41,1
33,116
33,115
